A   250 850 1484 166    5   0
A   1589 836     811 936    2   0
A   202 894      103 34     3   0
A   300 450      1000 1600  4   0
A   30 50        500 1250   4   0
A   0 0          1920 1080  3   0
A   1920 0       0 1080     5   0
A   1715 948     1846 292   5   0
A   50 894       250  0     5   0
A   1484 50      166 34     5   0
A   202 850      1715 1080  5   0
A   1600 1250    50 948     5   0
A   0 34         1312 1342  5   0
A   887 1902     1206 130   5   0
A   413 409      120  80    5   0
A   1107 1586    1580 690   5   0
A   289  774     802  1622  5   0
A   459  1434    1257 390   5   0
A   453  516     1091 1310  5   0
A   1253 80      927  125   5   0
A   1710 1578    1529 203   5   0
A   1859 20      1269 378   5   0
A   370  1472    925  1500  5   0
A   223  174     1074 543   5   0
A   1093 583     1309 606   5   0
A   432  1049    848  1548  5   0
A   768  675     570  1670  5   0
A   263  450     1094 713   5   0
A   418  674     416  785   5   0
A   491  94      1368 859   5   0
T   93 47        19
T   49 56        25
