A   250 850 1484 166    9   6   40
A   1589 836     811 936    2   9   35
A   202 894      103 34     3   5   20
A   300 450      1000 1600  4   3   60
A   30 50        500 1250   4   8   47
A   0 0          1920 1080  3   2   87
A   1920 0       0 1080     5   1   10
A   1715 948     1846 292   5   0   12
A   50 894       250  0     5   0   2
A   1484 50      166 34     5   0   94
A   202 850      1715 1080  5   7   56
A   1600 1250    50 948     5   1   38
A   0 34         1312 1342  5   0   47
A   887 1902     1206 130   5   5   60
A   413 409      120  80    5   4   40
A   1107 1586    1580 690   5   0   20
A   289  774     802  1622  5   7   97
A   459  1434    1257 390   5   0   50
A   453  516     1091 1310  5   6   68
A   1253 80      927  125   5   0   39
A   1710 1578    1529 203   5   4   68
A   1859 20      1269 378   5   0   14
A   370  1472    925  1500  5   7   82
A   223  174     1074 543   5   0   36
A   1093 583     1309 606   5   8   7
A   432  1049    848  1548  5   0   73
A   768  675     570  1670  5   3   85
A   263  450     1094 713   5   5   76
A   418  674     416  785   5   0   46
A   491  94      1368 859   5   7   81
A   0    1000    1920 1000  5   7   39
A   1920 1000    0    1000  5   7   17
T   967 875      300
T   49 56        170